  omega              |      T =2.372 K, phi = 0.0   T =2.372 K, phi = 0.0 err   |   T =2.372 K, phi = 0.785   T =2.372 K, phi = 0.785 err   |       T =9.902 K, phi = 0.0   T =9.902 K, phi = 0.0 err     |     T =9.902 K, phi = 0.785   T =9.902 K, phi = 0.785 err  
1.000000e-04                   8.627310e-04                  8.265673e-06                  6.478323e-05                  2.867085e-06                  3.647541e-03                  3.163767e-05                  6.808218e-04                  2.394774e-05
1.268961e-04                   8.564842e-04                  1.029243e-05                  6.601794e-05                  2.737855e-06                  3.643167e-03                  3.213224e-05                  6.809431e-04                  2.419057e-05
1.610262e-04                   8.518170e-04                  1.128843e-05                  6.685144e-05                  2.949017e-06                  3.635107e-03                  3.437290e-05                  6.819059e-04                  2.410178e-05
2.043360e-04                   8.485392e-04                  1.217563e-05                  6.882557e-05                  2.986978e-06                  3.624328e-03                  3.566689e-05                  6.830890e-04                  2.434111e-05
2.592944e-04                   8.494921e-04                  1.336697e-05                  7.074250e-05                  3.228593e-06                  3.614722e-03                  3.769805e-05                  6.851064e-04                  2.399185e-05
3.290345e-04                   8.621846e-04                  1.253212e-05                  7.631322e-05                  2.938512e-06                  3.601996e-03                  3.909364e-05                  6.877432e-04                  2.491787e-05
4.175319e-04                   8.900334e-04                  1.446953e-05                  8.377523e-05                  3.368785e-06                  3.580947e-03                  4.496073e-05                  6.914085e-04                  2.401765e-05
5.298317e-04                   9.498579e-04                  1.423528e-05                  9.678323e-05                  2.684212e-06                  3.559772e-03                  4.916034e-05                  7.005794e-04                  2.325649e-05
6.723358e-04                   1.054740e-03                  1.263587e-05                  1.153180e-04                  3.022930e-06                  3.543170e-03                  5.312593e-05                  7.117214e-04                  2.352823e-05
8.531679e-04                   1.226771e-03                  8.085769e-06                  1.449624e-04                  2.654151e-06                  3.534562e-03                  5.772431e-05                  7.288682e-04                  2.561896e-05
1.082637e-03                   1.469812e-03                  8.030136e-06                  1.896895e-04                  2.917180e-06                  3.549164e-03                  6.237998e-05                  6.932104e-04                  4.598184e-05
1.373824e-03                   1.813768e-03                  7.487711e-06                  2.567524e-04                  2.785244e-06                  3.613113e-03                  6.432029e-05                  8.165133e-04                  2.433623e-05
1.743329e-03                   2.265819e-03                  8.577311e-06                  3.560119e-04                  3.049541e-06                  3.768289e-03                  6.017138e-05                  9.014355e-04                  2.335385e-05
2.212216e-03                   2.861206e-03                  1.002620e-05                  5.031299e-04                  3.845737e-06                  4.058686e-03                  5.908513e-05                  1.036599e-03                  2.333061e-05
2.807216e-03                   3.620688e-03                  1.191980e-05                  7.244428e-04                  3.941470e-06                  4.883195e-03                  8.074065e-05                  1.266167e-03                  1.575112e-05
3.562248e-03                   4.588249e-03                  1.439499e-05                  1.044366e-03                  4.908658e-06                  5.358427e-03                  4.480397e-05                  1.577823e-03                  2.204743e-05
4.520354e-03                   5.863555e-03                  1.768034e-05                  1.527794e-03                  7.903208e-06                  6.533797e-03                  4.178562e-05                  2.085711e-03                  2.113173e-05
5.736153e-03                   7.582090e-03                  2.213194e-05                  2.251229e-03                  1.036595e-05                  8.216770e-03                  3.661576e-05                  2.855297e-03                  2.380376e-05
7.278954e-03                   9.968841e-03                  2.823582e-05                  3.340395e-03                  1.441306e-05                  1.054889e-02                  3.789211e-05                  4.026654e-03                  2.326507e-05
9.236709e-03                   1.337293e-02                  1.640427e-04                  5.024126e-03                  1.510238e-05                  1.377200e-02                  4.507183e-05                  5.790622e-03                  2.767512e-05
1.172102e-02                   1.784531e-02                  4.868516e-05                  7.558214e-03                  2.174167e-05                  1.829870e-02                  5.661824e-05                  8.464339e-03                  3.101896e-05
1.487352e-02                   2.447013e-02                  6.596941e-05                  1.146385e-02                  4.535087e-05                  2.480558e-02                  7.331382e-05                  1.252379e-02                  4.068509e-05
1.887392e-02                   3.408261e-02                  9.119216e-05                  1.738542e-02                  4.800901e-05                  3.434013e-02                  9.798053e-05                  1.870995e-02                  5.674841e-05
2.395027e-02                   4.911075e-02                  1.303149e-04                  2.687437e-02                  7.222714e-05                  4.924347e-02                  1.363126e-04                  2.861981e-02                  8.241420e-05
3.039195e-02                   7.301512e-02                  3.886275e-04                  4.271778e-02                  1.136472e-04                  7.283263e-02                  1.961952e-04                  4.490802e-02                  1.243737e-04
3.856620e-02                   1.042976e-01                  2.739402e-04                  6.705181e-02                  1.772257e-04                  1.039277e-01                  2.763213e-04                  6.963334e-02                  1.881419e-04
4.893901e-02                   1.461142e-01                  3.828068e-04                  1.033756e-01                  3.043030e-04                  1.454196e-01                  3.825888e-04                  1.061067e-01                  2.820083e-04
6.210169e-02                   1.919982e-01                  5.029476e-04                  1.561144e-01                  4.096668e-04                  1.917082e-01                  5.035451e-04                  1.587018e-01                  4.186793e-04
7.880463e-02                   2.538501e-01                  6.647409e-04                  2.288105e-01                  5.996825e-04                  2.539804e-01                  6.648318e-04                  2.316948e-01                  6.075389e-04
1.000000e-01                   3.316089e-01                  8.689333e-04                  3.252700e-01                  8.517117e-04                  3.323761e-01                  8.682234e-04                  3.289954e-01                  8.610699e-04
