    w (eV)       |          \Gamma(T=11 K, hh -> hh)      err        |     \Gamma(T=11 K, ch -> ch)       err      
1.000000e-04                   3.490634e-03                  1.488940e-05                  1.673030e-04                  5.957077e-06
1.268961e-04                   3.484660e-03                  1.617702e-05                  1.672069e-04                  5.792503e-06
1.610262e-04                   3.478662e-03                  1.644300e-05                  1.674549e-04                  5.720149e-06
2.043360e-04                   3.470457e-03                  1.760096e-05                  1.668242e-04                  5.765158e-06
2.592944e-04                   3.458384e-03                  1.933200e-05                  1.664331e-04                  5.750885e-06
3.290345e-04                   3.442305e-03                  2.217417e-05                  1.663246e-04                  6.045845e-06
4.175319e-04                   3.421002e-03                  2.550332e-05                  1.668632e-04                  5.729562e-06
5.298317e-04                   3.394827e-03                  3.030325e-05                  1.676176e-04                  5.442257e-06
6.723358e-04                   3.365973e-03                  3.543101e-05                  1.689900e-04                  5.484506e-06
8.531679e-04                   3.334507e-03                  4.177480e-05                  1.715304e-04                  5.483525e-06
1.082637e-03                   3.314984e-03                  4.703888e-05                  1.763501e-04                  4.948373e-06
1.373824e-03                   3.320834e-03                  5.216783e-05                  1.840598e-04                  5.490226e-06
1.743329e-03                   3.385623e-03                  5.151610e-05                  1.981865e-04                  4.841398e-06
2.212216e-03                   3.542239e-03                  4.786597e-05                  2.202326e-04                  4.625183e-06
2.807216e-03                   3.840816e-03                  4.327654e-05                  2.554129e-04                  4.255718e-06
3.562248e-03                   4.406326e-03                  1.419930e-05                  3.095702e-04                  4.313633e-06
4.520354e-03                   5.100720e-03                  2.708038e-05                  3.934255e-04                  3.911494e-06
5.736153e-03                   6.168146e-03                  2.203522e-05                  5.176333e-04                  4.489386e-06
7.278954e-03                   7.603329e-03                  2.170564e-05                  7.084316e-04                  4.946683e-06
9.236709e-03                   9.551091e-03                  4.864645e-05                  1.006307e-03                  6.147926e-06
1.172102e-02                   1.179571e-02                  3.197506e-05                  1.490994e-03                  7.221899e-06
1.487352e-02                   1.471628e-02                  3.928298e-05                  2.314891e-03                  9.613467e-06
1.887392e-02                   1.832084e-02                  4.838127e-05                  3.707568e-03                  1.263448e-05
2.395027e-02                   2.270445e-02                  5.951307e-05                  6.169178e-03                  1.793057e-05
3.039195e-02                   2.784357e-02                  7.264854e-05                  1.037161e-02                  2.820872e-05
3.856620e-02                   3.344811e-02                  8.705496e-05                  1.532688e-02                  4.102097e-05
4.893901e-02                   3.942021e-02                  1.024727e-04                  2.177537e-02                  5.766849e-05
6.210169e-02                   4.590195e-02                  1.191064e-04                  3.057996e-02                  8.037533e-05
7.880463e-02                   5.164956e-02                  2.283107e-04                  4.260085e-02                  1.113777e-04
1.000000e-01                   5.426055e-02                  1.405603e-04                  5.694409e-02                  1.486569e-04
