    T (K)       |          \Gamma(w =0, hh -> hh)                 err        |        \Gamma(w =0, ch -> ch)                  err       |             \Gamma(w =0, all)                  err         
1.160600e+00                   4.557300e-04                  1.839691e-05                  2.742414e-06                  2.179412e-06                  4.396822e-04                  2.721275e-06
1.472756e+00                   5.788551e-04                  2.264134e-05                  5.733987e-06                  3.237017e-06                  5.541393e-04                  3.579527e-06
1.868870e+00                   7.169349e-04                  2.815092e-05                  1.037447e-05                  3.584524e-06                  6.992498e-04                  7.950981e-06
2.371523e+00                   8.908778e-04                  3.476541e-05                  4.038490e-06                  5.641869e-06                  8.834503e-04                  5.566539e-06
3.009371e+00                   1.100346e-03                  4.256182e-05                  1.231801e-05                  5.805248e-06                  1.106245e-03                  9.738906e-06
3.818774e+00                   1.406103e-03                  5.242044e-05                  2.132405e-05                  7.445897e-06                  1.405395e-03                  9.207970e-06
4.845875e+00                   1.741958e-03                  6.446567e-05                  3.237504e-05                  9.627626e-06                  1.779877e-03                  1.377170e-05
6.149227e+00                   2.195426e-03                  7.915737e-05                  5.516859e-05                  1.248544e-05                  2.261453e-03                  1.715254e-05
7.803129e+00                   2.809681e-03                  9.685670e-05                  8.193200e-05                  1.623976e-05                  2.872173e-03                  2.492143e-05
9.901866e+00                   3.438123e-03                  1.173483e-04                  1.222058e-04                  2.124931e-05                  3.662331e-03                  3.125417e-05
1.256508e+01                   4.279471e-03                  1.431818e-04                  2.080151e-04                  2.824189e-05                  4.679967e-03                  3.499812e-05
1.594460e+01                   5.333437e-03                  1.739542e-04                  2.997644e-04                  4.908580e-05                  5.992389e-03                  6.030281e-05
2.023307e+01                   6.553716e-03                  2.105106e-04                  5.131158e-04                  4.951111e-05                  7.719219e-03                  8.325050e-05
2.567498e+01                   8.124213e-03                  2.543138e-04                  7.476562e-04                  6.539258e-05                  1.000352e-02                  1.175675e-04
3.258055e+01                   1.007587e-02                  3.063886e-04                  1.118916e-03                  1.086161e-04                  1.305988e-02                  1.702621e-04
4.134345e+01                   1.253017e-02                  3.680865e-04                  1.742704e-03                  1.311289e-04                  1.724072e-02                  2.395520e-04
5.246322e+01                   1.529367e-02                  4.394787e-04                  2.980207e-03                  1.530806e-04                  2.299494e-02                  3.556837e-04
6.657379e+01                   1.847078e-02                  5.218998e-04                  4.258449e-03                  2.186396e-04                  3.100191e-02                  5.021351e-04
8.447954e+01                   2.312241e-02                  6.174464e-04                  6.514237e-03                  3.430987e-04                  4.209792e-02                  7.169728e-04
1.072012e+02                   2.737111e-02                  7.241778e-04                  9.818258e-03                  5.011393e-04                  5.735146e-02                  9.514640e-04
1.360342e+02                   3.425447e-02                  1.570474e-03                  1.438691e-02                  1.179262e-03                  7.800963e-02                  1.229191e-03
1.726221e+02                   3.848921e-02                  9.564776e-04                  2.238786e-02                  1.098474e-03                  1.058052e-01                  1.559576e-03
2.190507e+02                   4.678475e-02                  1.518295e-03                  3.015233e-02                  8.991464e-04                  1.428848e-01                  1.779260e-03
2.779668e+02                   5.339121e-02                  1.955829e-03                  4.268021e-02                  1.165060e-03                  1.910407e-01                  1.901641e-03
3.527290e+02                   5.914566e-02                  2.661637e-03                  5.866691e-02                  1.468720e-03                  2.499966e-01                  1.306865e-03
4.475994e+02                   6.335688e-02                  3.476859e-03                  7.597139e-02                  2.371998e-03                  3.165549e-01                  1.430562e-03
5.679861e+02                   6.562384e-02                  4.409089e-03                  9.272020e-02                  3.695574e-03                  3.832778e-01                  4.352860e-03
7.207523e+02                   6.589863e-02                  5.346834e-03                  1.076085e-01                  5.538981e-03                  4.445194e-01                  8.206641e-03
9.146065e+02                   6.416609e-02                  6.187642e-03                  1.177268e-01                  6.978898e-03                  4.962294e-01                  1.241289e-02
1.160600e+03                   6.090710e-02                  6.926597e-03                  1.247721e-01                  8.498541e-03                  5.379853e-01                  1.698723e-02

